P3
80 40
255
0 0 46 0 0 46 0 0 46 0 0 46 0 0 46 0 0 46 0 0 46 0 0 46 0 0 46 0 0 46 0 0 46 0 0 46 0 0 46 0 0 46 0 0 46 0 0 46 0 0 46 0 0 46 0 0 46 0 0 46 0 0 46 0 0 46 0 0 46 0 0 46 0 0 46 0 0 46 0 0 46 0 0 46 0 0 46 0 0 46 0 0 46 0 0 46 0 0 46 0 0 46 0 0 46 0 0 46 0 0 46 0 0 46 0 0 46 0 0 46 0 0 46 0 0 46 0 0 46 0 0 46 0 0 46 0 0 46 0 0 46 0 0 46 0 0 46 0 0 46 0 0 46 0 0 46 0 0 46 0 0 46 0 0 46 0 0 46 0 0 46 0 0 46 0 0 46 0 0 46 0 0 46 0 0 46 0 0 46 0 0 46 0 0 46 0 0 46 0 0 46 0 0 46 0 0 46 0 0 46 0 0 46 0 0 46 0 0 46 0 0 46 0 0 46 0 0 46 0 0 46 0 0 46 0 0 46 0 0 46 
0 0 46 0 0 46 0 0 46 0 0 46 0 0 46 0 0 46 0 0 46 0 0 46 0 0 46 0 0 46 0 0 46 0 0 46 0 0 46 0 0 46 0 0 46 0 0 46 0 0 46 0 0 46 0 0 46 0 0 46 0 0 46 0 0 46 0 0 46 0 0 46 0 0 46 0 0 46 0 0 46 0 0 46 0 0 46 0 0 46 0 0 46 0 0 46 0 0 46 0 0 46 0 0 46 0 0 46 0 0 46 0 0 46 0 0 46 0 0 46 0 0 46 0 0 46 0 0 46 0 0 46 0 0 46 0 0 46 0 0 46 0 0 46 0 0 46 0 0 46 0 0 46 0 0 46 0 0 46 0 0 46 0 0 46 0 0 46 0 0 46 0 0 46 0 0 46 0 0 46 0 0 46 0 0 46 0 0 46 0 0 46 0 0 46 0 0 46 0 0 46 0 0 46 0 0 46 0 0 46 0 0 46 0 0 46 0 0 46 0 0 46 0 0 46 0 0 46 0 0 46 0 0 46 0 0 46 0 0 46 
0 0 46 0 0 46 0 0 46 0 0 46 0 0 46 0 0 46 0 0 46 0 0 46 0 0 46 0 0 46 0 0 46 0 0 46 0 0 46 0 0 46 0 0 46 0 0 46 0 0 46 0 0 46 0 0 46 0 0 46 0 0 46 0 0 46 0 0 46 0 0 46 0 0 46 0 0 46 0 0 46 0 0 46 0 0 46 0 0 46 0 0 46 0 0 46 0 0 46 0 0 46 0 0 46 0 0 46 0 0 46 0 0 46 0 0 46 0 0 46 0 0 46 0 0 46 0 0 46 0 0 46 0 0 46 0 0 46 0 0 46 0 0 46 0 0 46 0 0 46 0 0 46 0 0 46 0 0 46 0 0 46 0 0 46 0 0 46 0 0 46 0 0 46 0 0 46 0 0 46 0 0 46 0 0 46 0 0 46 0 0 46 0 0 46 0 0 46 0 0 46 0 0 46 0 0 46 0 0 46 0 0 46 0 0 46 0 0 46 0 0 46 0 0 46 0 0 46 0 0 46 0 0 46 0 0 46 0 0 46 
0 0 46 0 0 46 0 0 46 0 0 46 0 0 46 0 0 46 0 0 46 0 0 46 0 0 46 0 0 46 0 0 46 0 0 46 0 0 46 0 0 46 0 0 46 0 0 46 0 0 46 0 0 46 0 0 46 0 0 46 0 0 46 0 0 46 0 0 46 0 0 46 0 0 46 0 0 46 0 0 46 0 0 46 0 0 46 0 0 46 0 0 46 0 0 46 0 0 46 0 0 46 0 0 46 0 0 46 0 0 46 0 0 46 0 0 46 0 0 46 0 0 46 0 0 46 0 0 46 0 0 46 0 0 46 0 0 46 0 0 46 0 0 46 0 0 46 0 0 46 0 0 46 0 0 46 0 0 46 0 0 46 0 0 46 0 0 46 0 0 46 0 0 46 0 0 46 0 0 46 0 0 46 0 0 46 0 0 46 0 0 46 0 0 46 0 0 46 0 0 46 0 0 46 0 0 46 0 0 46 0 0 46 0 0 46 0 0 46 0 0 46 0 0 46 0 0 46 0 0 46 0 0 46 0 0 46 0 0 46 
0 0 46 0 0 46 0 0 46 0 0 46 0 0 46 0 0 46 0 0 46 0 0 46 0 0 46 0 0 46 0 0 46 0 0 46 0 0 46 0 0 46 0 0 46 0 0 46 0 0 46 0 0 46 0 0 46 0 0 46 0 0 46 0 0 46 0 0 46 0 0 46 0 0 46 0 0 46 0 0 46 0 0 46 0 0 46 0 0 46 0 0 46 0 0 46 0 0 46 0 0 46 0 0 46 0 0 46 0 0 46 0 0 46 0 0 46 0 0 46 0 0 46 0 0 46 0 0 46 0 0 46 0 0 46 0 0 46 0 0 46 0 0 46 0 0 46 0 0 46 0 0 46 0 0 46 0 0 46 0 0 46 0 0 46 0 0 46 0 0 46 0 0 46 0 0 46 0 0 46 0 0 46 0 0 46 0 0 46 0 0 46 0 0 46 0 0 46 0 0 46 0 0 46 0 0 46 0 0 46 0 0 46 0 0 46 0 0 46 0 0 46 0 0 46 0 0 46 0 0 46 0 0 46 0 0 46 0 0 46 
0 0 46 0 0 46 0 0 46 0 0 46 0 0 46 0 0 46 0 0 46 0 0 46 0 0 46 0 0 46 0 0 46 0 0 46 0 0 46 0 0 46 0 0 46 0 0 46 0 0 46 0 0 46 0 0 46 0 0 46 0 0 46 0 0 46 0 0 46 0 0 46 0 0 46 0 0 46 0 0 46 0 0 46 0 0 46 0 0 46 0 0 46 0 0 46 0 0 46 0 0 46 0 0 46 0 0 46 0 0 46 0 0 46 0 0 46 0 0 46 0 0 46 0 0 46 0 0 46 0 0 46 0 0 46 0 0 46 0 0 46 0 0 46 0 0 46 0 0 46 0 0 46 0 0 46 0 0 46 0 0 46 0 0 46 0 0 46 0 0 46 0 0 46 0 0 46 0 0 46 0 0 46 0 0 46 0 0 46 0 0 46 0 0 46 0 0 46 0 0 46 0 0 46 0 0 46 0 0 46 0 0 46 0 0 46 0 0 46 0 0 46 0 0 46 0 0 46 0 0 46 0 0 46 0 0 46 0 0 46 
0 0 46 0 0 46 0 0 46 0 0 46 0 0 46 0 0 46 0 0 46 0 0 46 0 0 46 0 0 46 0 0 46 0 0 46 0 0 46 0 0 46 0 0 35 0 0 35 0 0 35 0 0 35 0 0 35 0 0 46 0 0 46 0 0 46 0 0 46 0 0 46 0 0 46 0 0 46 0 0 46 0 0 46 0 0 46 0 0 46 0 0 46 0 0 46 0 0 46 0 0 46 0 0 46 0 0 46 0 0 46 0 0 46 0 0 46 0 0 46 0 0 46 0 0 46 0 0 46 0 0 46 0 0 46 0 0 46 0 0 46 0 0 46 0 0 46 0 0 46 0 0 46 0 0 46 0 0 46 0 0 46 0 0 46 0 0 46 0 0 46 0 0 46 0 0 46 0 0 46 0 0 46 0 0 35 0 0 35 0 0 35 0 0 35 0 0 35 0 0 46 0 0 46 0 0 46 0 0 46 0 0 46 0 0 46 0 0 46 0 0 46 0 0 46 0 0 46 0 0 46 0 0 46 0 0 46 0 0 46 
0 0 46 0 0 46 0 0 46 0 0 46 0 0 46 0 0 46 0 0 46 0 0 46 0 0 46 0 0 46 0 0 46 0 0 46 0 0 35 0 0 35 0 0 46 0 0 46 0 0 46 0 0 46 0 0 46 0 0 35 0 0 35 0 0 46 0 0 46 0 0 46 0 0 46 0 0 46 0 0 46 0 0 46 0 0 46 0 0 46 0 0 46 0 0 46 0 0 46 0 0 46 0 0 46 0 0 46 0 0 46 0 0 46 0 0 46 0 0 46 0 0 46 0 0 46 0 0 46 0 0 46 0 0 46 0 0 46 0 0 46 0 0 46 0 0 46 0 0 46 0 0 46 0 0 46 0 0 46 0 0 46 0 0 46 0 0 46 0 0 46 0 0 46 0 0 46 0 0 35 0 0 35 0 0 46 0 0 46 0 0 46 0 0 46 0 0 46 0 0 35 0 0 35 0 0 46 0 0 46 0 0 46 0 0 46 0 0 46 0 0 46 0 0 46 0 0 46 0 0 46 0 0 46 0 0 46 0 0 46 
0 0 46 0 0 46 0 0 46 0 0 46 0 0 46 0 0 46 0 0 46 0 0 46 0 0 46 0 0 46 0 0 46 0 0 35 0 0 46 0 0 46 0 0 46 0 0 46 0 0 46 0 0 46 0 0 46 0 0 46 0 0 46 0 0 35 0 0 46 0 0 46 0 0 46 0 0 46 0 0 46 0 0 46 0 0 46 0 0 46 0 0 46 0 0 46 0 0 46 0 0 46 0 0 46 0 0 46 0 0 46 0 0 46 0 0 46 0 0 46 0 0 46 0 0 46 0 0 46 0 0 46 0 0 46 0 0 46 0 0 46 0 0 46 0 0 46 0 0 46 0 0 46 0 0 46 0 0 46 0 0 46 0 0 46 0 0 46 0 0 46 0 0 46 0 0 35 0 0 46 0 0 46 0 0 46 0 0 46 0 0 46 0 0 46 0 0 46 0 0 46 0 0 46 0 0 35 0 0 46 0 0 46 0 0 46 0 0 46 0 0 46 0 0 46 0 0 46 0 0 46 0 0 46 0 0 46 0 0 46 
0 0 46 0 0 46 0 0 46 0 0 46 0 0 46 0 0 46 0 0 46 0 0 46 0 0 46 0 0 46 0 0 35 0 0 46 0 0 46 0 0 46 0 0 46 0 0 46 0 0 46 0 0 46 0 0 46 0 0 46 0 0 46 0 0 46 0 0 35 0 0 46 0 0 46 0 0 46 0 0 46 0 0 46 0 0 46 0 0 46 0 0 46 0 0 46 0 0 46 0 0 46 0 0 46 0 0 46 0 0 46 0 0 46 0 0 46 0 0 46 0 0 46 0 0 46 0 0 46 0 0 46 0 0 46 0 0 46 0 0 46 0 0 46 0 0 46 0 0 46 0 0 46 0 0 46 0 0 46 0 0 46 0 0 46 0 0 46 0 0 46 0 0 35 0 0 46 0 0 46 0 0 46 0 0 46 0 0 46 0 0 46 0 0 46 0 0 46 0 0 46 0 0 46 0 0 46 0 0 35 0 0 46 0 0 46 0 0 46 0 0 46 0 0 46 0 0 46 0 0 46 0 0 46 0 0 46 0 0 46 
0 0 46 0 0 46 0 0 46 0 0 46 0 0 46 0 0 46 0 0 46 0 0 46 0 0 46 0 0 35 0 0 46 0 0 46 0 0 46 0 0 46 0 0 46 0 0 46 0 0 46 0 0 46 0 0 46 0 0 46 0 0 46 0 0 46 0 0 46 0 0 35 0 0 46 0 0 46 0 0 46 0 0 46 0 0 46 0 0 46 0 0 46 0 0 46 0 0 46 0 0 46 0 0 46 0 0 46 0 0 46 0 0 46 0 0 46 0 0 46 0 0 46 0 0 46 0 0 46 0 0 46 0 0 46 0 0 46 0 0 46 0 0 46 0 0 46 0 0 46 0 0 46 0 0 46 0 0 46 0 0 46 0 0 46 0 0 46 0 0 35 0 0 46 0 0 46 0 0 46 0 0 46 0 0 46 0 0 46 0 0 46 0 0 46 0 0 46 0 0 46 0 0 46 0 0 46 0 0 46 0 0 35 0 0 46 0 0 46 0 0 46 0 0 46 0 0 46 0 0 46 0 0 46 0 0 46 0 0 46 
0 0 46 0 0 46 0 0 46 0 0 46 0 0 46 0 0 46 0 0 46 0 0 46 0 0 46 0 0 35 0 0 46 0 0 46 0 0 46 0 0 46 0 0 46 0 0 46 0 0 46 0 0 46 0 0 46 0 0 46 0 0 46 0 0 46 0 0 46 0 0 35 0 0 46 0 0 46 0 0 46 0 0 46 0 0 46 0 0 46 0 0 46 0 0 46 0 0 46 0 0 46 0 0 46 0 0 46 0 0 46 0 0 46 0 0 46 0 0 46 0 0 46 0 0 46 0 0 46 0 0 46 0 0 46 0 0 46 0 0 46 0 0 46 0 0 46 0 0 46 0 0 46 0 0 46 0 0 46 0 0 46 0 0 46 0 0 46 0 0 35 0 0 46 0 0 46 0 0 46 0 0 46 0 0 46 0 0 46 0 0 46 0 0 46 0 0 46 0 0 46 0 0 46 0 0 46 0 0 46 0 0 35 0 0 46 0 0 46 0 0 46 0 0 46 0 0 46 0 0 46 0 0 46 0 0 46 0 0 46 
0 0 46 0 0 46 0 0 46 0 0 46 0 0 46 0 0 46 0 0 46 0 0 46 0 0 35 0 0 46 0 0 46 0 0 46 0 0 35 0 0 35 0 0 35 0 0 46 0 0 46 0 0 46 0 0 46 0 0 46 0 0 46 0 0 46 0 0 46 0 0 46 0 0 35 0 0 46 0 0 46 0 0 46 0 0 46 0 0 46 0 0 46 0 0 46 0 0 46 0 0 46 0 0 46 0 0 46 0 0 46 0 0 46 0 0 46 0 0 46 0 0 46 0 0 46 0 0 46 0 0 46 0 0 46 0 0 46 0 0 46 0 0 46 0 0 46 0 0 46 0 0 46 0 0 46 0 0 46 0 0 46 0 0 46 0 0 35 0 0 46 0 0 46 0 0 46 0 0 35 0 0 35 0 0 35 0 0 46 0 0 46 0 0 46 0 0 46 0 0 46 0 0 46 0 0 46 0 0 46 0 0 46 0 0 35 0 0 46 0 0 46 0 0 46 0 0 46 0 0 46 0 0 46 0 0 46 0 0 46 
0 0 46 0 0 46 0 0 46 0 0 46 0 0 46 0 0 46 0 0 46 0 0 46 0 0 35 0 0 46 0 0 46 0 0 35 0 0 35 0 0 35 0 0 35 0 0 35 0 0 46 0 0 46 0 0 46 0 0 46 0 0 46 0 0 46 0 0 46 0 0 46 0 0 35 0 0 46 0 0 46 0 0 46 0 0 46 0 0 46 0 0 46 0 0 46 0 0 46 0 0 46 0 0 46 0 0 46 0 0 46 0 0 46 0 0 46 0 0 46 0 0 46 0 0 46 0 0 46 0 0 46 0 0 46 0 0 46 0 0 46 0 0 46 0 0 46 0 0 46 0 0 46 0 0 46 0 0 46 0 0 46 0 0 46 0 0 35 0 0 46 0 0 46 0 0 35 0 0 35 0 0 35 0 0 35 0 0 35 0 0 46 0 0 46 0 0 46 0 0 46 0 0 46 0 0 46 0 0 46 0 0 46 0 0 35 0 0 46 0 0 46 0 0 46 0 0 46 0 0 46 0 0 46 0 0 46 0 0 46 
0 0 46 0 0 46 0 0 46 0 0 46 0 0 46 0 0 46 0 0 46 0 0 46 0 0 35 0 0 46 0 0 35 0 0 35 0 0 35 0 0 35 0 0 35 0 0 35 0 0 35 0 0 46 0 0 46 0 0 46 0 0 46 0 0 46 0 0 46 0 0 46 0 0 35 0 0 46 0 0 46 0 0 46 0 0 46 0 0 46 0 0 46 0 0 46 0 0 46 0 0 46 0 0 46 0 0 46 0 0 46 0 0 46 0 0 46 0 0 46 0 0 46 0 0 46 0 0 46 0 0 46 0 0 46 0 0 46 0 0 46 0 0 46 0 0 46 0 0 46 0 0 46 0 0 46 0 0 46 0 0 46 0 0 46 0 0 35 0 0 46 0 0 35 0 0 35 0 0 35 0 0 35 0 0 35 0 0 35 0 0 35 0 0 46 0 0 46 0 0 46 0 0 46 0 0 46 0 0 46 0 0 46 0 0 35 0 0 46 0 0 46 0 0 46 0 0 46 0 0 46 0 0 46 0 0 46 0 0 46 
0 0 46 0 0 46 0 0 46 0 0 46 0 0 46 0 0 46 0 0 46 0 0 46 0 0 35 0 0 46 0 0 35 0 0 35 0 0 35 0 0 35 0 0 35 0 0 35 0 0 35 0 0 46 0 0 46 0 0 46 0 0 46 0 0 46 0 0 46 0 0 46 0 0 35 0 0 46 0 0 46 0 0 46 0 0 46 0 0 46 0 0 46 0 0 46 0 0 46 0 0 46 0 0 46 0 0 46 0 0 46 0 0 46 0 0 46 0 0 46 0 0 46 0 0 46 0 0 46 0 0 46 0 0 46 0 0 46 0 0 46 0 0 46 0 0 46 0 0 46 0 0 46 0 0 46 0 0 46 0 0 46 0 0 46 0 0 35 0 0 46 0 0 35 0 0 35 0 0 35 0 0 35 0 0 35 0 0 35 0 0 35 0 0 46 0 0 46 0 0 46 0 0 46 0 0 46 0 0 46 0 0 46 0 0 35 0 0 46 0 0 46 0 0 46 0 0 46 0 0 46 0 0 46 0 0 46 0 0 46 
0 0 46 0 0 46 0 0 46 0 0 46 0 0 46 0 0 46 0 0 46 0 0 46 0 0 35 0 0 46 0 0 35 0 0 35 0 0 35 0 0 35 0 0 35 0 0 35 0 0 35 0 0 46 0 0 46 0 0 46 0 0 46 0 0 46 0 0 46 0 0 46 0 0 35 0 0 46 0 0 46 0 0 46 0 0 46 0 0 46 0 0 46 0 0 46 0 0 46 0 0 46 0 0 46 0 0 46 0 0 46 0 0 46 0 0 46 0 0 46 0 0 46 0 0 46 0 0 46 0 0 46 0 0 46 0 0 46 0 0 46 0 0 46 0 0 46 0 0 46 0 0 46 0 0 46 0 0 46 0 0 46 0 0 46 0 0 35 0 0 46 0 0 35 0 0 35 0 0 35 0 0 35 0 0 35 0 0 35 0 0 35 0 0 46 0 0 46 0 0 46 0 0 46 0 0 46 0 0 46 0 0 46 0 0 35 0 0 46 0 0 46 0 0 46 0 0 46 0 0 46 0 0 46 0 0 46 0 0 46 
0 0 46 0 0 46 0 0 46 0 0 46 0 0 46 0 0 46 0 0 46 0 0 46 0 0 46 0 0 35 0 0 46 0 0 35 0 0 35 0 0 35 0 0 35 0 0 35 0 0 46 0 0 46 0 0 46 0 0 46 0 0 46 0 0 46 0 0 46 0 0 35 0 0 46 0 0 46 0 0 46 0 0 46 0 0 46 0 0 46 0 0 46 0 0 46 0 0 46 0 0 46 0 0 46 0 0 46 0 0 46 0 0 46 0 0 46 0 0 46 0 0 46 0 0 46 0 0 46 0 0 46 0 0 46 0 0 46 0 0 46 0 0 46 0 0 46 0 0 46 0 0 46 0 0 46 0 0 46 0 0 46 0 0 46 0 0 46 0 0 35 0 0 46 0 0 35 0 0 35 0 0 35 0 0 35 0 0 35 0 0 46 0 0 46 0 0 46 0 0 46 0 0 46 0 0 46 0 0 46 0 0 35 0 0 46 0 0 46 0 0 46 0 0 46 0 0 46 0 0 46 0 0 46 0 0 46 0 0 46 
0 0 46 0 0 46 0 0 46 0 0 46 0 0 46 0 0 46 0 0 46 0 0 46 0 0 46 0 0 35 0 0 46 0 0 46 0 0 35 0 0 35 0 0 35 0 0 46 0 0 46 0 0 46 0 0 46 0 0 46 0 0 46 0 0 46 0 0 46 0 0 35 0 0 46 0 0 46 0 0 46 0 0 46 0 0 46 0 0 46 0 0 46 0 0 46 0 0 46 0 0 46 0 0 46 0 0 46 0 0 46 0 0 46 0 0 46 0 0 46 0 0 46 0 0 46 0 0 46 0 0 46 0 0 46 0 0 46 0 0 46 0 0 46 0 0 46 0 0 46 0 0 46 0 0 46 0 0 46 0 0 46 0 0 46 0 0 46 0 0 35 0 0 46 0 0 46 0 0 35 0 0 35 0 0 35 0 0 46 0 0 46 0 0 46 0 0 46 0 0 46 0 0 46 0 0 46 0 0 46 0 0 35 0 0 46 0 0 46 0 0 46 0 0 46 0 0 46 0 0 46 0 0 46 0 0 46 0 0 46 
0 0 46 0 0 46 0 0 46 0 0 46 0 0 46 0 0 46 0 0 46 0 0 46 0 0 46 0 0 46 0 0 35 0 0 46 0 0 46 0 0 46 0 0 46 0 0 46 0 0 46 0 0 46 0 0 46 0 0 46 0 0 46 0 0 46 0 0 35 0 0 46 0 0 46 0 0 46 0 0 46 0 0 46 0 0 46 0 0 46 0 0 46 0 0 46 0 0 46 0 0 46 0 0 46 0 0 46 0 0 46 0 0 46 0 0 46 0 0 46 0 0 46 0 0 46 0 0 46 0 0 46 0 0 46 0 0 46 0 0 46 0 0 46 0 0 46 0 0 46 0 0 46 0 0 46 0 0 46 0 0 46 0 0 46 0 0 46 0 0 46 0 0 35 0 0 46 0 0 46 0 0 46 0 0 46 0 0 46 0 0 46 0 0 46 0 0 46 0 0 46 0 0 46 0 0 46 0 0 35 0 0 46 0 0 46 0 0 46 0 0 46 0 0 46 0 0 46 0 0 46 0 0 46 0 0 46 0 0 46 
0 0 46 0 0 46 0 0 46 0 0 46 0 0 46 0 0 46 0 0 46 0 0 46 0 0 46 0 0 46 0 0 46 0 0 35 0 0 46 0 0 46 0 0 46 0 0 46 0 0 46 0 0 46 0 0 46 0 0 46 0 0 46 0 0 35 0 0 46 0 0 46 0 0 46 0 0 46 0 0 46 0 0 46 0 0 46 0 0 46 0 0 46 0 0 46 0 0 46 0 0 46 0 0 46 0 0 46 0 0 46 0 0 46 0 0 46 0 0 46 0 0 46 0 0 46 0 0 46 0 0 46 0 0 46 0 0 46 0 0 46 0 0 46 0 0 46 0 0 46 0 0 46 0 0 46 0 0 46 0 0 46 0 0 46 0 0 46 0 0 46 0 0 46 0 0 35 0 0 46 0 0 46 0 0 46 0 0 46 0 0 46 0 0 46 0 0 46 0 0 46 0 0 46 0 0 35 0 0 46 0 0 46 0 0 46 0 0 46 0 0 46 0 0 46 0 0 46 0 0 46 0 0 46 0 0 46 0 0 46 
0 0 46 0 0 46 0 0 46 0 0 46 0 0 46 0 0 46 0 0 46 0 0 46 0 0 46 0 0 46 0 0 46 0 0 46 0 0 35 0 0 35 0 0 46 0 0 46 0 0 46 0 0 46 0 0 46 0 0 35 0 0 35 0 0 46 0 0 46 0 0 46 0 0 46 0 0 46 0 0 46 0 0 46 0 0 46 0 0 46 0 0 46 0 0 46 0 0 46 0 0 46 0 0 46 0 0 46 0 0 46 0 0 46 0 0 46 0 0 46 0 0 46 0 0 46 0 0 46 0 0 46 0 0 46 0 0 46 0 0 46 0 0 46 0 0 46 0 0 46 0 0 46 0 0 46 0 0 46 0 0 46 0 0 46 0 0 46 0 0 46 0 0 46 0 0 46 0 0 35 0 0 35 0 0 46 0 0 46 0 0 46 0 0 46 0 0 46 0 0 35 0 0 35 0 0 46 0 0 46 0 0 46 0 0 46 0 0 46 0 0 46 0 0 46 0 0 46 0 0 46 0 0 46 0 0 46 0 0 46 
0 0 46 0 0 46 0 0 46 0 0 46 0 0 46 0 0 46 0 0 46 0 0 46 0 0 46 0 0 46 0 0 46 0 0 46 0 0 46 0 0 46 0 0 35 0 0 35 0 0 35 0 0 35 0 0 35 0 0 46 0 0 46 0 0 46 0 0 46 0 0 46 0 0 46 0 0 46 0 0 46 0 0 46 0 0 46 0 0 46 0 0 46 0 0 46 0 0 46 0 0 46 0 0 46 0 0 46 0 0 46 0 0 46 0 0 46 0 0 46 0 0 46 0 0 46 0 0 46 0 0 46 0 0 46 0 0 46 0 0 46 0 0 46 0 0 46 0 0 46 0 0 46 0 0 46 0 0 46 0 0 46 0 0 46 0 0 46 0 0 46 0 0 46 0 0 46 0 0 46 0 0 46 0 0 35 0 0 35 0 0 35 0 0 35 0 0 35 0 0 46 0 0 46 0 0 46 0 0 46 0 0 46 0 0 46 0 0 46 0 0 46 0 0 46 0 0 46 0 0 46 0 0 46 0 0 46 0 0 46 
0 0 46 0 0 46 0 0 46 0 0 46 0 0 46 0 0 46 0 0 46 0 0 46 0 0 46 0 0 46 0 0 46 0 0 46 0 0 46 0 0 46 0 0 46 0 0 46 0 0 46 0 0 46 0 0 46 0 0 46 0 0 46 0 0 46 0 0 46 0 0 46 0 0 46 0 0 46 0 0 46 0 0 46 0 0 46 0 0 46 0 0 46 0 0 46 0 0 46 0 0 46 0 0 46 0 0 46 0 0 46 0 0 46 0 0 46 0 0 46 0 0 46 0 0 46 0 0 46 0 0 46 0 0 46 0 0 46 0 0 46 0 0 46 0 0 46 0 0 46 0 0 46 0 0 46 0 0 46 0 0 46 0 0 46 0 0 46 0 0 46 0 0 46 0 0 46 0 0 46 0 0 46 0 0 46 0 0 46 0 0 46 0 0 46 0 0 46 0 0 46 0 0 46 0 0 46 0 0 46 0 0 46 0 0 46 0 0 46 0 0 46 0 0 46 0 0 46 0 0 46 0 0 46 0 0 46 0 0 46 
0 0 46 0 0 46 0 0 46 0 0 46 0 0 46 0 0 46 0 0 46 0 0 46 0 0 46 0 0 46 0 0 46 0 0 46 0 0 46 0 0 46 0 0 46 0 0 46 0 0 46 0 0 46 0 0 46 0 0 46 0 0 46 0 0 46 0 0 46 0 0 46 0 0 46 0 0 46 0 0 46 0 0 46 0 0 46 0 0 46 0 0 46 0 0 46 0 0 46 0 0 46 0 0 46 0 0 46 0 0 46 0 0 46 0 0 46 0 0 46 0 0 46 0 0 46 0 0 46 0 0 46 0 0 46 0 0 46 0 0 46 0 0 46 0 0 46 0 0 46 0 0 46 0 0 46 0 0 46 0 0 46 0 0 46 0 0 46 0 0 46 0 0 46 0 0 46 0 0 46 0 0 46 0 0 46 0 0 46 0 0 46 0 0 46 0 0 46 0 0 46 0 0 46 0 0 46 0 0 46 0 0 46 0 0 46 0 0 46 0 0 46 0 0 46 0 0 46 0 0 46 0 0 46 0 0 46 0 0 46 
0 0 46 0 0 46 0 0 46 0 0 46 0 0 46 0 0 46 0 0 46 0 0 46 0 0 46 0 0 46 0 0 46 0 0 46 0 0 46 0 0 46 0 0 46 0 0 46 0 0 46 0 0 46 0 0 46 0 0 46 0 0 46 0 0 46 0 0 46 0 0 46 0 0 46 0 0 46 0 0 46 0 0 46 0 0 46 0 0 46 0 0 46 0 0 46 0 0 46 0 0 46 0 0 46 0 0 46 0 0 46 0 0 46 0 0 46 0 0 46 0 0 46 0 0 46 0 0 46 0 0 46 0 0 46 0 0 46 0 0 46 0 0 46 0 0 46 0 0 46 0 0 46 0 0 46 0 0 46 0 0 46 0 0 46 0 0 46 0 0 46 0 0 46 0 0 46 0 0 46 0 0 46 0 0 46 0 0 46 0 0 46 0 0 46 0 0 46 0 0 46 0 0 46 0 0 46 0 0 46 0 0 46 0 0 46 0 0 46 0 0 46 0 0 46 0 0 46 0 0 46 0 0 46 0 0 46 0 0 46 
0 0 46 0 0 46 0 0 46 0 0 46 0 0 46 0 0 46 0 0 46 0 0 46 0 0 46 0 0 46 0 0 46 0 0 46 0 0 46 0 0 46 0 0 46 0 0 46 0 0 46 0 0 46 0 0 46 0 0 46 0 0 46 0 0 46 0 0 46 0 0 46 0 0 46 0 0 46 0 0 46 0 0 46 0 0 46 0 0 46 0 0 46 0 0 46 0 0 46 0 0 46 0 0 46 0 0 46 0 0 46 0 0 46 0 0 46 0 0 46 0 0 46 0 0 46 0 0 46 0 0 46 0 0 46 0 0 46 0 0 46 0 0 46 0 0 46 0 0 46 0 0 46 0 0 46 0 0 46 0 0 46 0 0 46 0 0 46 0 0 46 0 0 46 0 0 46 0 0 46 0 0 46 0 0 46 0 0 46 0 0 46 0 0 46 0 0 46 0 0 46 0 0 46 0 0 46 0 0 46 0 0 46 0 0 46 0 0 46 0 0 46 0 0 46 0 0 46 0 0 46 0 0 46 0 0 46 0 0 46 
0 0 46 0 0 46 0 0 46 0 0 46 0 0 46 0 0 46 0 0 46 0 0 46 0 0 46 0 0 46 0 0 46 0 0 46 0 0 46 0 0 46 0 0 46 0 0 46 0 0 46 0 0 46 0 0 46 0 0 46 0 0 46 0 0 46 0 0 46 0 0 46 0 0 46 0 0 46 0 0 46 0 0 46 0 0 46 0 0 46 0 0 46 0 0 46 0 0 46 0 0 46 0 0 46 0 0 46 0 0 46 0 0 46 0 0 46 0 0 46 0 0 46 0 0 46 0 0 46 0 0 46 0 0 46 0 0 46 0 0 46 0 0 46 0 0 46 0 0 46 0 0 46 0 0 46 0 0 46 0 0 46 0 0 46 0 0 46 0 0 46 0 0 46 0 0 46 0 0 46 0 0 46 0 0 46 0 0 46 0 0 46 0 0 46 0 0 46 0 0 46 0 0 46 0 0 46 0 0 46 0 0 46 0 0 46 0 0 46 0 0 46 0 0 46 0 0 46 0 0 46 0 0 46 0 0 46 0 0 46 
0 0 46 0 0 46 0 0 46 0 0 46 0 0 46 0 0 46 0 0 46 0 0 46 0 0 46 0 0 46 0 0 46 0 0 46 0 0 46 0 0 46 0 0 46 0 0 46 0 0 46 0 0 46 0 0 46 0 0 46 0 0 46 0 0 46 0 0 46 0 0 46 0 0 46 0 0 46 0 0 46 0 0 46 0 0 46 0 0 46 0 0 46 0 0 46 0 0 46 0 0 46 0 0 46 0 0 46 0 0 46 0 0 46 0 0 46 0 0 46 0 0 46 0 0 46 0 0 46 0 0 46 0 0 46 0 0 46 0 0 46 0 0 46 0 0 46 0 0 46 0 0 46 0 0 46 0 0 46 0 0 46 0 0 46 0 0 46 0 0 46 0 0 46 0 0 46 0 0 46 0 0 46 0 0 46 0 0 46 0 0 46 0 0 46 0 0 46 0 0 46 0 0 46 0 0 46 0 0 46 0 0 46 0 0 46 0 0 46 0 0 46 0 0 46 0 0 46 0 0 46 0 0 46 0 0 46 0 0 46 
0 0 46 0 0 46 0 0 46 0 0 46 0 0 46 0 0 46 0 0 46 0 0 46 0 0 46 0 0 46 0 0 46 0 0 46 0 0 46 0 0 46 0 0 46 0 0 46 0 0 46 0 0 46 0 0 46 0 0 46 0 0 46 0 0 46 0 0 46 0 0 46 0 0 46 0 0 46 0 0 46 0 0 46 0 0 46 0 0 46 0 0 46 0 0 46 0 0 46 0 0 46 0 0 46 0 0 46 0 0 46 0 0 46 0 0 46 0 0 46 0 0 46 0 0 46 0 0 46 0 0 46 0 0 46 0 0 46 0 0 46 0 0 46 0 0 46 0 0 46 0 0 46 0 0 46 0 0 46 0 0 46 0 0 46 0 0 46 0 0 46 0 0 46 0 0 46 0 0 46 0 0 46 0 0 46 0 0 46 0 0 46 0 0 46 0 0 46 0 0 46 0 0 46 0 0 46 0 0 46 0 0 46 0 0 46 0 0 46 0 0 46 0 0 46 0 0 46 0 0 46 0 0 46 0 0 46 0 0 46 
0 0 46 0 0 46 0 0 46 0 0 46 0 0 46 0 0 46 0 0 46 0 0 46 0 0 46 0 0 46 0 0 46 0 0 46 0 0 46 0 0 46 0 0 46 0 0 46 0 0 46 0 0 46 0 0 46 0 0 46 0 0 35 0 0 35 0 0 46 0 0 46 0 0 46 0 0 46 0 0 46 0 0 46 0 0 46 0 0 46 0 0 46 0 0 46 0 0 46 0 0 46 0 0 46 0 0 46 0 0 46 0 0 46 0 0 46 0 0 46 0 0 46 0 0 46 0 0 46 0 0 46 0 0 46 0 0 46 0 0 46 0 0 46 0 0 46 0 0 46 0 0 46 0 0 46 0 0 46 0 0 46 0 0 46 0 0 46 0 0 46 0 0 46 0 0 35 0 0 35 0 0 46 0 0 46 0 0 46 0 0 46 0 0 46 0 0 46 0 0 46 0 0 46 0 0 46 0 0 46 0 0 46 0 0 46 0 0 46 0 0 46 0 0 46 0 0 46 0 0 46 0 0 46 0 0 46 0 0 46 
0 0 46 0 0 46 0 0 46 0 0 46 0 0 46 0 0 46 0 0 46 0 0 46 0 0 46 0 0 46 0 0 46 0 0 46 0 0 46 0 0 46 0 0 46 0 0 46 0 0 46 0 0 46 0 0 46 0 0 46 0 0 46 0 0 46 0 0 35 0 0 35 0 0 46 0 0 46 0 0 46 0 0 46 0 0 46 0 0 46 0 0 46 0 0 46 0 0 46 0 0 46 0 0 46 0 0 46 0 0 46 0 0 46 0 0 46 0 0 46 0 0 46 0 0 46 0 0 46 0 0 46 0 0 46 0 0 46 0 0 46 0 0 46 0 0 46 0 0 46 0 0 46 0 0 46 0 0 46 0 0 46 0 0 46 0 0 46 0 0 35 0 0 35 0 0 46 0 0 46 0 0 46 0 0 46 0 0 46 0 0 46 0 0 46 0 0 46 0 0 46 0 0 46 0 0 46 0 0 46 0 0 46 0 0 46 0 0 46 0 0 46 0 0 46 0 0 46 0 0 46 0 0 46 0 0 46 0 0 46 
0 0 46 0 0 46 0 0 46 0 0 46 0 0 46 0 0 46 0 0 46 0 0 46 0 0 46 0 0 46 0 0 46 0 0 46 0 0 46 0 0 46 0 0 46 0 0 46 0 0 46 0 0 46 0 0 46 0 0 46 0 0 46 0 0 46 0 0 46 0 0 46 0 0 35 0 0 35 0 0 46 0 0 46 0 0 46 0 0 46 0 0 46 0 0 46 0 0 46 0 0 46 0 0 46 0 0 46 0 0 46 0 0 46 0 0 46 0 0 46 0 0 46 0 0 46 0 0 46 0 0 46 0 0 46 0 0 46 0 0 46 0 0 46 0 0 46 0 0 46 0 0 46 0 0 46 0 0 46 0 0 46 0 0 35 0 0 35 0 0 46 0 0 46 0 0 46 0 0 46 0 0 46 0 0 46 0 0 46 0 0 46 0 0 46 0 0 46 0 0 46 0 0 46 0 0 46 0 0 46 0 0 46 0 0 46 0 0 46 0 0 46 0 0 46 0 0 46 0 0 46 0 0 46 0 0 46 0 0 46 
0 0 46 0 0 46 0 0 46 0 0 46 0 0 46 0 0 46 0 0 46 0 0 46 0 0 46 0 0 46 0 0 46 0 0 46 0 0 46 0 0 46 0 0 46 0 0 46 0 0 46 0 0 46 0 0 46 0 0 46 0 0 46 0 0 46 0 0 46 0 0 46 0 0 46 0 0 46 0 0 35 0 0 35 0 0 46 0 0 46 0 0 46 0 0 46 0 0 46 0 0 46 0 0 46 0 0 46 0 0 46 0 0 46 0 0 46 0 0 46 0 0 46 0 0 46 0 0 46 0 0 46 0 0 46 0 0 46 0 0 46 0 0 46 0 0 46 0 0 46 0 0 46 0 0 46 0 0 35 0 0 35 0 0 46 0 0 46 0 0 46 0 0 46 0 0 46 0 0 46 0 0 46 0 0 46 0 0 46 0 0 46 0 0 46 0 0 46 0 0 46 0 0 46 0 0 46 0 0 46 0 0 46 0 0 46 0 0 46 0 0 46 0 0 46 0 0 46 0 0 46 0 0 46 0 0 46 0 0 46 
0 0 46 0 0 46 0 0 46 0 0 46 0 0 46 0 0 46 0 0 46 0 0 46 0 0 46 0 0 46 0 0 46 0 0 46 0 0 46 0 0 46 0 0 46 0 0 46 0 0 46 0 0 46 0 0 46 0 0 46 0 0 46 0 0 46 0 0 46 0 0 46 0 0 46 0 0 46 0 0 46 0 0 46 0 0 35 0 0 35 0 0 35 0 0 35 0 0 35 0 0 35 0 0 35 0 0 35 0 0 35 0 0 35 0 0 35 0 0 35 0 0 35 0 0 35 0 0 35 0 0 35 0 0 35 0 0 35 0 0 35 0 0 35 0 0 35 0 0 35 0 0 35 0 0 35 0 0 46 0 0 46 0 0 46 0 0 46 0 0 46 0 0 46 0 0 46 0 0 46 0 0 46 0 0 46 0 0 46 0 0 46 0 0 46 0 0 46 0 0 46 0 0 46 0 0 46 0 0 46 0 0 46 0 0 46 0 0 46 0 0 46 0 0 46 0 0 46 0 0 46 0 0 46 0 0 46 0 0 46 
0 0 46 0 0 46 0 0 46 0 0 46 0 0 46 0 0 46 0 0 46 0 0 46 0 0 46 0 0 46 0 0 46 0 0 46 0 0 46 0 0 46 0 0 46 0 0 46 0 0 46 0 0 46 0 0 46 0 0 46 0 0 46 0 0 46 0 0 46 0 0 46 0 0 46 0 0 46 0 0 46 0 0 46 0 0 46 0 0 46 0 0 46 0 0 46 0 0 46 0 0 46 0 0 46 0 0 46 0 0 46 0 0 46 0 0 46 0 0 46 0 0 46 0 0 46 0 0 46 0 0 46 0 0 46 0 0 46 0 0 46 0 0 46 0 0 46 0 0 46 0 0 46 0 0 46 0 0 46 0 0 46 0 0 46 0 0 46 0 0 46 0 0 46 0 0 46 0 0 46 0 0 46 0 0 46 0 0 46 0 0 46 0 0 46 0 0 46 0 0 46 0 0 46 0 0 46 0 0 46 0 0 46 0 0 46 0 0 46 0 0 46 0 0 46 0 0 46 0 0 46 0 0 46 0 0 46 0 0 46 
0 0 46 0 0 46 0 0 46 0 0 46 0 0 46 0 0 46 0 0 46 0 0 46 0 0 46 0 0 46 0 0 46 0 0 46 0 0 46 0 0 46 0 0 46 0 0 46 0 0 46 0 0 46 0 0 46 0 0 46 0 0 46 0 0 46 0 0 46 0 0 46 0 0 46 0 0 46 0 0 46 0 0 46 0 0 46 0 0 46 0 0 46 0 0 46 0 0 46 0 0 46 0 0 46 0 0 46 0 0 46 0 0 46 0 0 46 0 0 46 0 0 46 0 0 46 0 0 46 0 0 46 0 0 46 0 0 46 0 0 46 0 0 46 0 0 46 0 0 46 0 0 46 0 0 46 0 0 46 0 0 46 0 0 46 0 0 46 0 0 46 0 0 46 0 0 46 0 0 46 0 0 46 0 0 46 0 0 46 0 0 46 0 0 46 0 0 46 0 0 46 0 0 46 0 0 46 0 0 46 0 0 46 0 0 46 0 0 46 0 0 46 0 0 46 0 0 46 0 0 46 0 0 46 0 0 46 0 0 46 
0 0 46 0 0 46 0 0 46 0 0 46 0 0 46 0 0 46 0 0 46 0 0 46 0 0 46 0 0 46 0 0 46 0 0 46 0 0 46 0 0 46 0 0 46 0 0 46 0 0 46 0 0 46 0 0 46 0 0 46 0 0 46 0 0 46 0 0 46 0 0 46 0 0 46 0 0 46 0 0 46 0 0 46 0 0 46 0 0 46 0 0 46 0 0 46 0 0 46 0 0 46 0 0 46 0 0 46 0 0 46 0 0 46 0 0 46 0 0 46 0 0 46 0 0 46 0 0 46 0 0 46 0 0 46 0 0 46 0 0 46 0 0 46 0 0 46 0 0 46 0 0 46 0 0 46 0 0 46 0 0 46 0 0 46 0 0 46 0 0 46 0 0 46 0 0 46 0 0 46 0 0 46 0 0 46 0 0 46 0 0 46 0 0 46 0 0 46 0 0 46 0 0 46 0 0 46 0 0 46 0 0 46 0 0 46 0 0 46 0 0 46 0 0 46 0 0 46 0 0 46 0 0 46 0 0 46 0 0 46 
0 0 46 0 0 46 0 0 46 0 0 46 0 0 46 0 0 46 0 0 46 0 0 46 0 0 46 0 0 46 0 0 46 0 0 46 0 0 46 0 0 46 0 0 46 0 0 46 0 0 46 0 0 46 0 0 46 0 0 46 0 0 46 0 0 46 0 0 46 0 0 46 0 0 46 0 0 46 0 0 46 0 0 46 0 0 46 0 0 46 0 0 46 0 0 46 0 0 46 0 0 46 0 0 46 0 0 46 0 0 46 0 0 46 0 0 46 0 0 46 0 0 46 0 0 46 0 0 46 0 0 46 0 0 46 0 0 46 0 0 46 0 0 46 0 0 46 0 0 46 0 0 46 0 0 46 0 0 46 0 0 46 0 0 46 0 0 46 0 0 46 0 0 46 0 0 46 0 0 46 0 0 46 0 0 46 0 0 46 0 0 46 0 0 46 0 0 46 0 0 46 0 0 46 0 0 46 0 0 46 0 0 46 0 0 46 0 0 46 0 0 46 0 0 46 0 0 46 0 0 46 0 0 46 0 0 46 0 0 46 
0 0 46 0 0 46 0 0 46 0 0 46 0 0 46 0 0 46 0 0 46 0 0 46 0 0 46 0 0 46 0 0 46 0 0 46 0 0 46 0 0 46 0 0 46 0 0 46 0 0 46 0 0 46 0 0 46 0 0 46 0 0 46 0 0 46 0 0 46 0 0 46 0 0 46 0 0 46 0 0 46 0 0 46 0 0 46 0 0 46 0 0 46 0 0 46 0 0 46 0 0 46 0 0 46 0 0 46 0 0 46 0 0 46 0 0 46 0 0 46 0 0 46 0 0 46 0 0 46 0 0 46 0 0 46 0 0 46 0 0 46 0 0 46 0 0 46 0 0 46 0 0 46 0 0 46 0 0 46 0 0 46 0 0 46 0 0 46 0 0 46 0 0 46 0 0 46 0 0 46 0 0 46 0 0 46 0 0 46 0 0 46 0 0 46 0 0 46 0 0 46 0 0 46 0 0 46 0 0 46 0 0 46 0 0 46 0 0 46 0 0 46 0 0 46 0 0 46 0 0 46 0 0 46 0 0 46 0 0 46 
